4.618332771749501
4.419924238857922
4.852578737934674
5.416577578102554
6.014144118507406
6.682354904344015
7.663376163871494
8.357696123303906
8.833521720005605
8.385374782862321
7.665293547330024
6.650764824168534
5.909846205603741
5.187767996661224
4.472458572051296
3.9607392991032597
4.2903234524080585
6.56199644841471
7.314663058279215
8.11924276976984
8.45836127438372
8.307605070306233
8.546237204668264
8.656366385582993
8.094499923768195
7.236449828618955
6.407221194538894
5.005320256650125
5.0318694602616985
5.241964901780896
5.698213697867822
5.7749900265308325
5.243628528426871
5.000707460746243
5.293515328049393
5.813723863170772
4.41575792510127
5.3194677168812055
5.13130823246419
4.289123395176896
4.385540461638074
4.621317395091339
4.278799774088284
5.092140748035983
5.222721052280563
4.2563886077136655
4.505829833120753
4.318546292177835
10.973201318176896
8.35877669023979
7.026013080415001
6.893600624724037
7.039320592948132
8.365783143733777
11.315344341288446
12.373849184528106
13.084231019905406
12.983472859661081
13.017650310918222
12.135804134487545
10.681641779649784
7.323328861835862
6.992259949384078
7.345729040069196
11.041279945251928
12.13453865873879
11.7912398759859
11.90513469356215
