4.706079427824864
4.817030829178604
5.463586130037711
6.135031763238687
6.743723637854357
7.302645576937566
8.1755383265032
9.032781997152966
9.576313671091167
9.12165202630523
8.185607597024692
7.233316665035712
6.501424244515219
5.760947964100069
5.0713556552423125
4.499754102679015
4.570856372964197
5.359183902455101
6.0418358335626525
6.813473687272495
7.044513470822947
6.906162669271741
6.938141453681995
7.133863444471985
6.781149680671223
6.051771187379469
5.357011364370221
3.124542275628081
2.831315547682093
2.7686184237790923
2.894512567938255
2.640027054312167
1.8446827932983936
1.284098577791486
0.0
1.2513597502299627
3.0519188727158224
3.88228770720674
3.8400180819772527
2.7697399085307013
2.547479699785899
2.552249772951284
2.6559657338149694
3.776958371646171
4.100853434987455
3.179668752345101
2.9846223660116546
2.4679111315634565
10.510814075126133
6.323848051581124
3.911899377862175
3.2774051754728224
3.373867063101452
5.883237365937798
10.378839412181748
12.01435037662134
13.219970443463136
13.342860194649393
13.467197625913917
12.36937122690896
10.250508709058431
4.75303487760504
3.926412501201261
4.367015351907538
10.013307284567976
12.123322112919023
11.994272441859703
12.273377841179347
